-1.806532768538325062e-01	-3.719760943062109804e-01	-2.971363017005271612e+00
1.338821969237059539e+00	1.951385932576575000e+00	1.843813623127470880e+00
5.093048290802199007e-01	2.768376736217976752e+00	-1.037640996415750250e+00
-1.084085312887125507e+00	1.029713313676384301e+00	2.600855537322290800e+00
9.631534364081244248e-02	-1.000180974950332369e-01	-2.996784899647091382e+00
2.324636504562182626e+00	6.091477704222240108e-01	-1.795829645441501698e+00
-1.729326729038303867e+00	-1.847805393537495622e+00	-1.610914116844043065e+00
-1.590475448292497873e+00	6.701688716236831045e-01	-2.453825896816116625e+00
-2.008802713203103441e+00	1.746207004113035532e+00	-1.384006054254976137e+00
-9.211067443086544682e-01	1.399408921462622191e+00	2.488617494939696861e+00
-8.390381053317825799e-01	5.056677016197951291e-01	2.835544962320260431e+00
-1.662231893467427168e+00	1.327066310867700327e+00	-2.115627599295226258e+00
-1.296256591883631959e+00	-2.563023176215042831e+00	-8.663896618628281754e-01
1.217003142815784145e+00	7.646784881937648271e-01	-2.633281253506773112e+00
2.324072570912012470e+00	-1.089677001789979949e+00	1.552833125903884115e+00
-3.457156775076010713e-01	-2.727951698765345157e+00	1.199483305231350716e+00
-1.462177283113395232e+00	3.157450291645066964e-01	-2.600450474303449333e+00
-4.451649753239382279e-01	-9.796959998690629723e-01	-2.800361386068840108e+00
-1.739785754416517741e-02	-1.774446665346837010e-02	-2.999897072977014023e+00
7.982518199855814789e-02	1.587661843276926499e+00	-2.544200819849213424e+00
1.198228406616174135e+00	-1.882645985635280184e+00	-2.004967026748676329e+00
1.311882388861727866e-01	2.987486878541548485e+00	2.402327965120935604e-01
5.524854984675485470e-02	9.604086172946353361e-01	-2.841577534674363914e+00
-2.425687146970382901e+00	1.404760609482509082e-01	1.759633013251100220e+00
-1.346389958338854331e+00	1.709498920650630582e+00	2.065150725825751099e+00
-2.492535159524660870e-01	3.891738635678421154e-01	-2.964188993418100715e+00
-2.045326588876564600e+00	-2.183177424625621033e+00	-2.244448204784391110e-01
-2.495779371750539433e-01	-2.543444560247817066e+00	-1.571178100095986796e+00
-3.952988408803991827e-01	-8.510624141890549277e-01	2.849461632230430919e+00
-9.796751122061868600e-01	5.714315485132052119e-01	2.777355335546316972e+00
-1.925490751318114646e-01	1.621938287938558265e-01	2.989417671648957331e+00
-1.745825678974231687e+00	2.256539233651356557e+00	-9.274283722349172532e-01
8.674066210218708273e-01	-6.347455720652704914e-01	-2.800839840574778972e+00
2.594251719071038131e+00	1.445697024948048526e+00	-4.240496788742132983e-01
-9.945707231947658808e-03	6.434348873291346749e-01	2.930169385662781067e+00
-9.653947835710764425e-01	-1.951977120206660476e-01	-2.833709717856726762e+00
-1.883694549686230291e+00	2.671544493590957692e-01	2.319552401578810485e+00
-2.614086293698926422e+00	-1.436311144554314190e+00	3.218122824326143383e-01
-9.909696936823305657e-01	1.255261748331726102e+00	-2.538168041989798507e+00
6.623644025986977213e-02	1.345805094662233525e-02	-2.999238505828841106e+00
4.108608856574189616e-01	-2.842907815794422088e+00	-8.654874254036221126e-01
-1.757353093367959973e+00	-2.396537821332700158e-01	2.419561152345457877e+00
1.666118856463787157e-01	-1.816602825604264337e-01	2.989856187394541287e+00
-7.623341556792280482e-02	1.286471251168114782e-01	-2.996270746035816224e+00
4.457602428541260209e-01	-9.223306200721335113e-01	-2.819681548183763375e+00
1.133255424808807393e-01	-1.523470930772706788e-01	2.993985251241615408e+00
1.868302879852090870e+00	1.209270400124596412e+00	2.011742888273469809e+00
-9.039782427999730752e-01	2.486792061284189170e+00	-1.413749829523670343e+00
4.610846696430035419e-01	-1.257493245377768964e+00	-2.684420173007476151e+00
2.825280423697631438e+00	7.343632683561508445e-01	6.917377520131483548e-01
-6.133346418372519204e-02	3.136878802008478129e-01	-2.982924424115757311e+00
-5.568143430642104041e-01	2.897051059376831272e+00	-5.450256385910219326e-01
-2.025318357513131051e+00	1.913735611829622485e+00	1.111621139928264057e+00
-2.511007085576533182e+00	-1.087514060349082046e+00	-1.229697761536344913e+00
9.520428164699200613e-01	8.338245686707119741e-01	-2.719991004450037053e+00
9.685234064169128132e-01	2.497300088343672897e+00	1.351093882741411401e+00
-1.802242867578712326e+00	-1.532763194968778997e+00	1.844602297084864340e+00
5.450404497808111204e-01	1.418894337001118666e+00	-2.586439593056232056e+00
-5.468102524006321907e-01	2.285677252221306688e+00	1.864585221047194263e+00
1.173782351427236526e+00	9.518506226684663174e-01	2.591566202820911879e+00
5.748871204709861925e-03	7.769277570098043206e-03	2.999984431427255238e+00
2.548208383409366284e+00	1.248282686537112163e-01	-1.578306667941038688e+00
-9.108416739631512993e-01	2.832145010651479833e+00	3.864221572502479773e-01
1.264127447138397420e+00	-1.247144534340164590e+00	2.417976903913023889e+00
3.027561370137018537e-01	-2.951432621759906727e+00	-4.442794173850334594e-01
-2.988571075774486552e+00	-5.238287887826056921e-02	2.563180817744843409e-01
-6.258721389117006817e-01	2.042082216687823859e+00	2.106699856652920477e+00
1.907312501192848675e+00	7.727932409355292576e-01	-2.182876457694717942e+00
-1.868022751752052679e+00	-8.752740722128511675e-02	-2.345811150097511177e+00
-1.439965523853939666e-01	-3.344500911607256044e-01	-2.977819358091370550e+00
4.416721693793252967e-01	2.278908071229639454e-01	-2.958545499873984408e+00
-2.589635899457234380e-01	1.019915223715490482e+00	-2.809396873977723530e+00
1.787047494796106362e+00	-2.243898493643607495e+00	-8.782828710426443530e-01
-2.433459475759073509e+00	-1.667117809052560018e+00	5.468026980348301702e-01
1.272706645014460181e+00	-2.126538065473355221e+00	1.690577904690841571e+00
2.347965279912576975e+00	6.637865937762207347e-01	-1.745407231063288434e+00
-5.818883631555573643e-01	-2.029285207663187762e+00	2.131527029803637951e+00
1.900575630246851722e+00	1.214322562774944547e+00	-1.978189320375447036e+00
-1.476264433110108465e+00	-1.246608993573121049e+00	2.294909440626514030e+00
2.669785727854867563e+00	1.247808170072915335e+00	5.614436196464787088e-01
-1.507921504150437353e-01	-1.378027410504303329e+00	-2.660507880700978323e+00
-2.779066208014151051e+00	1.129689318496922112e+00	2.435272362194230641e-02
6.889592522623453341e-01	2.759304791104199683e+00	9.547629121994221091e-01
4.539530223730726122e-01	-2.294199495529002597e+00	-1.878982524717252689e+00
-2.871887679859221887e+00	-7.560623836672877296e-01	4.250068543872621007e-01
4.968303825212602165e-01	3.277262438757931329e-01	2.940366487375143834e+00
-1.357665890494781369e-01	8.672243048356006456e-01	2.868708670883169276e+00
-1.427162679049633454e+00	-2.591378050065242356e+00	-4.979623370978332186e-01
2.029771878924371276e+00	2.205401487058557208e+00	-1.273985887195461797e-01
-1.844348719139582871e+00	1.175599729019738693e-01	2.363166827581046459e+00
-1.866708303163130855e+00	-1.766078321823613129e+00	-1.548020501184178777e+00
-3.648595538056122883e-02	1.394403284194032921e-01	-2.996535527883868788e+00
8.583225179029561891e-02	4.982224654996263991e-01	2.957094384598517145e+00
1.028286719268059368e+00	3.530766843937900301e-01	2.796062101941660938e+00
2.635029096510871582e+00	1.327221431081665681e+00	-5.432356150130759342e-01
-3.243360889845720713e-02	2.966307786640892452e+00	-4.471757774381701633e-01
-7.370794806833009805e-01	-1.867643122684595980e+00	-2.229040826329694358e+00
-9.685689102734045264e-01	4.312076666328352736e-01	-2.806409487991525342e+00
-5.070185629189030707e-02	2.016311386642866132e+00	-2.220792136572641962e+00
7.712768574128446852e-01	1.017865685083273686e+00	2.714605211876917501e+00
2.615115817345964988e+00	3.285693684925505148e-02	1.469724356322583025e+00
-1.957117016334643855e+00	-1.232379280539106503e+00	-1.910741817533518905e+00
1.195006056948528794e+00	-1.682226532131448460e+00	-2.177630459570523591e+00
-1.407361327956395458e+00	1.938644743911670743e+00	-1.805821322688506037e+00
5.351998299363962264e-02	-2.614931194166564499e+00	-1.469445630567863148e+00
2.668511872016958095e-02	7.875865301152588926e-02	-2.998847275039977944e+00
2.770636426810893393e+00	-1.053189864129811859e+00	4.629955728976183904e-01
2.172332318170561508e-02	-1.248123281270574703e+00	-2.727950947502597145e+00
-2.387117625574804336e+00	6.064232178802443363e-01	1.712869032496611599e+00
-1.647738947295186718e-01	1.433427678964989682e-01	-2.992039841731295446e+00
-1.812522126112545151e-01	-2.291377970236626371e+00	-1.927883459376577902e+00
1.159363324805408740e-01	-3.236880961491755276e-02	-2.997584198479681383e+00
-1.608952667420212590e-01	-1.129197581522255689e+00	-2.774711793146146022e+00
-1.391369558954232977e+00	-2.509641782759149731e+00	8.750936365012496054e-01
8.238067882315208701e-01	1.151923062438188650e+00	2.644695754503094243e+00
1.301315566425844450e+00	7.011171536965907780e-01	-2.610557896958076274e+00
-2.612788793164814383e+00	-1.445172198421028620e+00	-2.912250662688272151e-01
2.865961361422668219e+00	-6.436756189726364763e-01	-6.098747185877759769e-01
2.354111929574799478e-01	-3.842652010986404854e-01	2.965960523246214287e+00
1.886879400298609566e+00	-4.698059890351639067e-01	-2.284506174514626231e+00
-2.694529605430518338e+00	1.057717220139535286e+00	-7.878733957170698243e-01
7.415582663098772009e-01	-1.767222029263074978e-01	-2.901527287595338400e+00
1.925476958766598079e+00	-2.294739233675740397e+00	1.634329547190753462e-01
-6.527608769204926720e-01	1.004866802841300366e+00	2.750299246647442963e+00
-6.906987503370587422e-01	-2.236520751776648996e+00	-1.876408847547686776e+00
-2.461692329056543116e+00	5.872679219723709459e-02	1.713657503978666785e+00
-1.104890198054861106e+00	-2.079097872340963438e+00	1.859185221399301646e+00
-4.299011090249008626e-01	7.152038090287882177e-01	-2.881608673642185092e+00
-1.629977024129334762e+00	9.171118060800447225e-01	-2.345651473676146459e+00
2.907284679186493914e+00	-7.707331323225109776e-02	-7.360404191040649247e-01
-1.568802634701710885e-01	-5.998990593349510236e-01	2.935218850706463378e+00
-2.300152286978756955e+00	1.665514429351963033e+00	-9.671407045134627900e-01
7.191834888266906978e-01	-1.442558358000479490e+00	-2.530177956816877405e+00
1.039191577521910492e+00	1.888659059041432053e+00	2.086395893378880650e+00
-1.926763250138291861e+00	1.041980597666181785e+00	2.049843850639299525e+00
2.474584447298915080e-01	-4.198557258728856101e-01	-2.960149571826331982e+00
-1.511541651708085521e+00	-7.246266271660217750e-01	-2.488002830857229952e+00
-1.178134263030019779e+00	-9.074347012280657987e-01	-2.605486887566668130e+00
-7.709993115531021957e-01	1.392642933387006954e+00	-2.542853853777655715e+00
-2.992270706737444996e+00	1.750888322381156936e-01	1.251395957580374585e-01
-1.926809004992088292e+00	9.601995569455511470e-01	-2.089359679213458332e+00
-2.107118234327677087e+00	-1.892021561957999864e+00	9.901046185377697650e-01
-2.420316093501070576e+00	5.965897959383482663e-01	-1.669176630234785907e+00
2.560357900467204129e+00	-4.075973179963458537e-01	1.509447530680465555e+00
1.071623218640249953e-01	5.844963706748750043e-02	2.997515617423767598e+00
-2.303910321417125040e+00	-2.382529018354898054e-01	1.906628643872374074e+00
2.135502117018817925e-01	-2.983076643130340599e+00	-2.359026245981643566e-01
1.340727623506679178e+00	-4.983513024862170626e-01	-2.637061891362510568e+00
-1.491638759579215101e+00	-2.005098396714677378e+00	1.659697029705485383e+00
4.139024456302665689e-01	-2.094245989680421527e+00	2.107799444968319946e+00
2.030816688300178363e+00	-1.935613248408329934e+00	-1.062631135958121975e+00
1.101007658645576474e-02	-1.318571485740681171e+00	-2.694670298052281865e+00
2.822974959523886440e+00	1.887191411179617029e-01	9.975958418502006708e-01
-6.623195757887553325e-01	6.515763137222252421e-01	-2.852504353532726800e+00
-8.789048472133915713e-01	2.594287743534478441e+00	1.223600168883442585e+00
2.838112492806433296e-01	-3.121545349527417579e-01	-2.970186984196482971e+00
3.405132459591994065e-01	-1.345938210977343230e+00	2.659417428979030884e+00
-6.914160262023341108e-01	-2.673721545979170777e+00	1.171817807202691686e+00
-1.768966803817339617e+00	1.647516924247675485e+00	1.776638520158150714e+00
-3.834417177596901455e-02	1.661512754677954673e+00	-2.497579846678237736e+00
-2.783444592049036270e+00	6.654052209538344753e-01	8.998178120710613737e-01
-2.605387172052702205e+00	-4.279809127011018344e-01	-1.424356002573357927e+00
-1.131412614612400613e+00	1.189887433527172744e+00	2.510791387397616869e+00
5.192086818897988509e-01	1.434573396959025970e+00	-2.583103078351248971e+00
2.257004741157998262e-01	3.023822458637174249e-01	-2.976176115986806980e+00
-2.068468217491172378e+00	1.847828582182008184e+00	1.143227345762916514e+00
-1.484396500312374023e+00	-2.407499781248532145e+00	-1.000255883836054238e+00
-5.067138061949071071e-02	-5.587557795726736179e-03	2.999566833791838416e+00
2.442207661473013047e+00	3.668251161156910745e-01	-1.703250149692999482e+00
1.699646488244106912e+00	-9.806162460268900982e-02	-2.470138808403235853e+00
-1.814795318216987141e+00	3.641284842214831952e-01	-2.360916855790620161e+00
-3.936863882873177234e-01	1.183061413259193229e+00	-2.728621762013644592e+00
5.893920494154510081e-02	-4.062562519250679238e-01	-2.971780952205706150e+00
-8.635120829855423841e-01	-9.693921072924729931e-02	-2.871402039415790419e+00
4.086528513085886383e-01	2.398403943400057248e+00	-1.755181293029417278e+00
-3.389153158158294404e-02	2.323625976822023612e-02	2.999718560185111293e+00
-1.453235681784559086e+00	1.412545627574841145e+00	2.211972175052698830e+00
-1.494436332513317645e+00	-1.311411261577756227e+00	2.246521878609505585e+00
1.546089597963935969e+00	-1.656493910651995582e+00	1.966121786421322515e+00
4.264026398393373496e-01	7.726077861523023005e-01	-2.867273617483145465e+00
7.737242098967755943e-01	2.009134875688689537e+00	2.089193121353553728e+00
-4.326348594585636975e-02	-2.394619440773330332e+00	1.806633887829582896e+00
-2.435687169695170962e+00	-8.198166927258118131e-01	1.547684916806531419e+00
5.943279805987103925e-01	-1.951748514632720977e-01	-2.934055389530632052e+00
1.928363330307258483e+00	-2.161535922352437744e+00	-7.804981247295181834e-01
-1.651751508740528562e+00	-6.161975722277981404e-01	2.427347833614695194e+00
1.566250170670245301e-01	-1.352315751209340611e-01	-2.992854995672036722e+00
-8.979500419175662218e-01	-1.118183002121387437e+00	-2.635024192675855303e+00
1.195948575938831526e+00	1.125949946242918775e+00	2.510367248484860259e+00
3.046061528609866551e-02	1.197717083733721849e-01	-2.997453400603538487e+00
-7.992936683947369225e-01	2.514087192252478342e+00	1.428459037360237271e+00
-7.263160026142148618e-03	5.389819878002354292e-01	2.951176996273408903e+00
1.725680333702992009e+00	1.316718501635120386e+00	-2.070816209450392797e+00
8.038100666720802145e-01	-2.332233123436832922e-01	2.880884632069820483e+00
-7.323321160134724783e-01	1.267151570227953439e-01	2.906481195679049723e+00
-1.476398093452495619e+00	1.168565830542419137e+00	2.335530468510000457e+00
-7.924317361761198386e-01	-8.833633183565097191e-01	2.755307821511614019e+00
3.438174552698836095e-01	-3.715560257842876468e-01	-2.956980838144732893e+00
-2.297324973773418044e+00	1.141783976471036632e-01	-1.925944251111050498e+00
-1.520691419810307421e+00	-8.675969709780418926e-01	2.436138974210017683e+00
2.327354317017692881e-02	5.383304948133890711e-02	2.999426669377307064e+00
2.802515176442863520e+00	-9.744461836684347178e-01	4.431290116224053666e-01
-8.759656011331815595e-01	-2.858868343026251146e+00	-2.440411089831411862e-01
1.850136979051597574e+00	2.849346859840950485e-01	2.344313414087155323e+00
2.563956391851877736e+00	1.518899184919926038e+00	3.450693940810846683e-01
1.726838568993117828e+00	-1.128943119763615721e+00	2.177961429634646784e+00
-8.105135252034657567e-01	-1.432072195222421351e+00	2.508433186898364475e+00
2.267411807068366869e+00	1.646071066261585836e+00	1.072051184404648971e+00
1.651600035354593154e-01	4.602884562764786858e-01	-2.959874441636128672e+00
2.491908424603595851e+00	-7.713195032162598053e-02	-1.668665054955369431e+00
-6.860059980844174232e-01	7.105508040698698125e-01	2.832757194930032085e+00
-3.590331298989440922e-01	-5.504065103776681345e-02	-2.977929773914809175e+00
1.979876558891445315e+00	6.986958346697776934e-01	2.142874924527157887e+00
-8.114323131459407756e-01	-8.931329952048198129e-01	-2.746614471319026585e+00
6.639301092669490367e-02	4.197629785651766920e-01	2.969745950401511791e+00
2.853539191229971017e+00	-7.528104744110748481e-01	-5.390644430228881401e-01
5.066999804190588375e-01	1.971356852853356267e+00	-2.203861903239727749e+00
2.865453892166718752e+00	7.585199033411725855e-01	-4.624084213137764632e-01
2.595689452848600531e+00	7.913330042372428430e-01	1.279135778866103745e+00
-1.150606144805905062e+00	2.748953795498323416e+00	3.454830382960303869e-01
5.834446760734509629e-01	1.881818018422574346e+00	2.262377787970365262e+00
7.810793273433865869e-01	-6.225752492369186486e-01	2.828836358546459095e+00
-6.938748451442759702e-02	2.945053436600396091e-01	-2.984702996873967340e+00
1.655906115281775837e-01	-6.117465668846439053e-03	-2.995420225275164050e+00
2.147070550052863958e+00	-1.541974357766334069e+00	1.418591954399429422e+00
2.001479075453483691e+00	1.850401868497076441e+00	1.253034091948178608e+00
1.491774728055813792e+00	2.556562642207112823e+00	4.884625033766553104e-01
-1.232361346151034098e+00	2.623245151453800883e+00	-7.745130004634774856e-01
7.684045664880994053e-01	-3.817477965455597366e-01	2.874686598923932301e+00
2.286443542330898193e+00	-1.579204547755030719e+00	-1.130614401147961079e+00
1.374728187018736225e+00	-2.665977560973117999e+00	5.182717630742570553e-02
2.440727851077723276e+00	-3.653354143232511730e-01	-1.705689770155985219e+00
2.567838507337711906e+00	1.003943565321377962e+00	1.182498506503679492e+00
-1.864776127464445876e+00	2.103434495967636764e+00	-1.047937648723473059e+00
2.249912622907145554e+00	1.149581123521306703e+00	1.617515511433067932e+00
-3.802058082143868617e-03	-1.354399399214099020e-01	-2.996938699244351412e+00
-1.712797513402040672e-01	2.797758076738503588e-02	-2.994975876656645664e+00
-7.892556284118564802e-01	-1.021633173036680775e+00	2.708014256382563545e+00
1.177021416518295949e+00	1.078641646925176056e+00	-2.539911963548305174e+00
2.178885110822429638e+00	-1.270080875647801033e+00	-1.624608950840184196e+00
8.301785428172916426e-01	2.841569173113708935e+00	4.860948687814235503e-01
6.699379744679141435e-01	-4.533001926654586788e-01	2.888892875427416129e+00
2.922379752513739160e+00	4.395058793416496412e-01	-5.162665630484500889e-01
4.472138762131901424e-01	-2.347169819447427752e+00	-1.814054461034040333e+00
8.513100670495540867e-02	1.962470150607128927e+00	-2.267479574257160291e+00
1.477515478900432333e+00	-2.463156328568860687e+00	-8.659150712632259772e-01
5.640568056221811899e-01	1.019038034159747835e-01	2.944733525275361696e+00
-1.219383688687883938e+00	1.798505494663425353e+00	-2.068449033799817371e+00
1.489001369436049105e+00	1.744516010485355761e-01	2.598546047448297980e+00
-5.379883571291512595e-02	1.298416024477126382e-02	2.999489472703425363e+00
-2.823685415489722850e+00	7.869232460430390930e-01	6.383983702890516643e-01
-2.327337100511111867e+00	-1.115082007856663671e+00	1.529736623193312717e+00
2.939792175692650389e+00	-5.120422278211748945e-02	5.958188410125624390e-01
1.477306288753699182e+00	2.198939736086997776e+00	-1.407916960003826379e+00
2.903077770621520504e+00	-6.425420892566898745e-01	-3.990978843051312119e-01
-2.723128035628570309e-01	-4.848391474270048046e-02	-2.987221961459670005e+00
-8.379498123214351724e-01	2.694335641757435784e+00	1.019016958438875964e+00
8.901731970639705782e-01	-3.553609604841120873e-01	2.842764546527327241e+00
-1.930471082032575003e+00	-8.491827405500972370e-01	-2.133581513462235790e+00
2.732412310095223784e+00	1.109517385180466276e+00	5.503581921098129603e-01
-3.859435220789609877e-01	-6.759641056353012933e-01	-2.897260796969778340e+00
-6.376843882722240675e-01	-2.094125030164495083e-01	2.923953663198899378e+00
1.283952456855340429e+00	1.798970644385795570e+00	-2.028588353800072852e+00
-1.759910816525569688e+00	-8.067864853933013336e-01	2.291682675429350446e+00
7.970141509960949611e-01	2.527985575092805970e+00	-1.405011521388585871e+00
1.760075325737870955e+00	-1.575735131903251096e+00	-1.849106173753841675e+00
2.476967818188334558e+00	-7.015551897176464102e-01	-1.540276190635808451e+00
-6.050057466324983979e-01	-5.859544919166417287e-01	2.879344609445761094e+00
2.615314472046023297e+00	-3.290394793362585446e-01	1.432432627855410034e+00
-1.855037546023811990e+00	-2.204094536797147175e+00	-8.371397587636867366e-01
-2.702098576995835000e-01	-1.470807398755933082e-01	-2.984183956923503356e+00
-7.858861893393613851e-01	-2.742300603422197725e+00	-9.285312584269345137e-01
-3.897687077372542080e-02	-1.246006515791672209e-01	-2.997157900606962855e+00
6.893076021145683185e-01	-7.264358857159758376e-01	2.827922547314743795e+00
-2.432313979817394056e+00	-1.305660553980511285e+00	1.174350553013951970e+00
-1.047016324803198506e+00	2.340768380396057058e+00	-1.557099934151184639e+00
2.877837506927205968e+00	2.829952660000108478e-01	-7.987270892767979191e-01
2.281342051299615648e+00	1.528371838731233057e+00	1.208121669181283497e+00
-1.517311411350999339e+00	-2.571697338273501998e-01	-2.575195101150048238e+00
7.939371382556532630e-01	-1.534701117465783415e+00	-2.452418459510468551e+00
-4.434530542986156454e-01	-1.210930583587398024e+00	2.708689075986003836e+00
-2.414199095346761137e+00	-1.735644778993422843e+00	-3.989735945896097924e-01
5.274947305756664262e-01	-2.164025244493691158e+00	-2.009662670800481443e+00
9.331503618067886752e-01	-8.327647734186456319e-01	-2.726854091148415371e+00
2.972310590947016884e+00	-4.589890029227588347e-02	-4.040582159740793711e-01
-1.724126537391531822e-01	6.206488132032220162e-02	2.994398408251199406e+00
8.620806895202812875e-03	5.891894417412131719e-03	-2.999981827823070546e+00
2.791783390953710864e+00	-3.013991963219511683e-01	-1.055984859006738219e+00
4.015159079139847820e-01	-1.239217358750773990e+00	-2.702429520535690521e+00
-3.474682912319924100e-01	-4.256785581700424093e-01	2.949247963753233392e+00
-3.342262325964461822e-01	2.265593035851417303e-01	-2.972703097755206691e+00
1.194562183008446965e+00	-8.179797039244699475e-01	2.627533138686119596e+00
-2.670176453893165824e+00	-8.720605395007847704e-01	1.053407860479557367e+00
-1.305528730251846126e+00	1.536275830798211839e+00	2.221587564376490409e+00
-9.321547104752255786e-01	-2.744019873725602743e+00	-7.755272582815997406e-01
3.094595517070085067e-01	-7.106796912746002892e-01	-2.898132012567256055e+00
-9.291365662381981805e-01	2.979883748752333861e-01	-2.836883531221947585e+00
-8.335483457594103918e-01	-2.510455444736711339e+00	-1.415206916063354914e+00
-2.819092985919601640e-02	1.013410115510186671e+00	-2.823509378283575622e+00
1.609413679310630840e+00	-4.676752861595283028e-01	-2.488185570966004345e+00
-1.342846575966350375e+00	2.607959663578127696e+00	6.287364046760057779e-01
4.298345128356166334e-01	-2.734046746676254358e+00	-1.157683323955371879e+00
1.080142734111124048e+00	7.513623471485808558e-01	2.696061256209569379e+00
1.700071139945514426e-02	4.353771351612504281e-01	-2.968190985430468221e+00
1.859795082655891107e+00	-8.170726785967156180e-01	2.207612848399772343e+00
-1.005446898299699354e+00	-2.431220324161603497e+00	-1.441611691851540922e+00
5.387952141789935645e-01	1.049013467405034650e+00	-2.758490613067348995e+00
-4.224994129836722595e-02	-7.406428320989245917e-02	-2.998787992575148831e+00
-1.302058851820590835e-01	-2.555328422654955300e+00	-1.566315127883177283e+00
3.394352575212330470e-01	7.914741717218786166e-01	-2.873734911478207366e+00
-1.448304484485637644e+00	2.249976445711120210e+00	1.356473410710267391e+00
2.005657402815552270e+00	1.591364455038693171e+00	-1.563616818076147830e+00
-8.426043751479643518e-02	-1.820419903070455980e+00	2.383059284863632499e+00
7.889555142782417319e-01	2.806554850592715589e+00	-7.076715813881859773e-01
9.039158840379915016e-01	2.702767194726757527e+00	-9.370088397089273435e-01
-1.453635296089740292e+00	-2.502884942454569828e+00	7.889939104937874204e-01
-1.201764372507083678e+00	6.591329783651712626e-01	-2.668577544274123969e+00
2.329632996240715015e-01	-2.723073423844739605e-01	2.978519231482612106e+00
5.961089706011340680e-03	4.656631573873886397e-03	2.999990463516826189e+00
-6.775343060653410410e-01	2.420331743917436551e+00	-1.637968715662828645e+00
2.437887741933668195e+00	-1.745812075636819838e+00	9.404017381002831300e-02
-1.181238888043284474e+00	1.955458821212091580e+00	1.944442204828439547e+00
-3.275518058801803970e-03	6.603611096396287683e-02	2.999271328678051241e+00
2.342754910110455835e-01	-2.503285890281595538e+00	1.636665740409022352e+00
-4.354758679112720188e-01	2.959261970877169912e+00	-2.304980611352066278e-01
2.339597174356810694e+00	1.862789593243290742e+00	-2.372761957005455336e-01
-7.487622343345864961e-02	-2.452620416709160533e+00	1.725991495548494292e+00
4.952382911993911674e-01	5.899850858685933286e-01	-2.899423500177670920e+00
-7.991688968294002882e-01	-2.873144331690663300e+00	-3.261452492591212504e-01
2.240224830590027416e+00	3.635326838172466268e-01	1.961947169575295469e+00
8.188148811332456312e-01	-1.589443515378407668e+00	-2.408985575269449342e+00
-1.033465635329522264e-01	-4.378055063916998224e-02	2.997899723338267375e+00
7.553367602764171629e-01	1.034138531632900759e-01	-2.901512011615503539e+00
3.193730862507855317e-01	1.735603386449855456e+00	2.426042397964726760e+00
-7.140322163790757681e-01	1.376585911883710045e+00	2.568106154576963895e+00
-4.928391348300835140e-01	-3.965331817361750916e-02	-2.958975701410499148e+00
-6.139161777600035674e-02	5.407034341028453539e-02	-2.998884370433501978e+00
7.013572952424552698e-01	1.809942802495351222e+00	2.287401363142345545e+00
-8.018117972860225873e-01	-2.875415678024654476e+00	2.984669501016402049e-01
-2.908649008818132042e+00	4.160683003419612946e-01	-6.055147503998947744e-01
1.111578864085895235e+00	8.605180715488975896e-01	-2.650264341052657624e+00
5.525285790057440222e-02	-2.994437069230780679e+00	1.740510273178278444e-01
-4.724410755231797654e-02	1.377228197153345934e-01	2.996464653425974234e+00
3.624966860733903062e-01	-2.338984593417566815e-01	2.968819237222664498e+00
-5.071953772082745671e-01	1.737969780452849611e-01	2.951702468027711745e+00
-2.964468757781610009e+00	4.603199565483404032e-01	-5.524648413538021594e-03
2.823681515342035375e+00	-8.396416551517211779e-01	5.672958583048054448e-01
4.773126979098050726e-01	2.885313449796486740e+00	6.686844433943116561e-01
2.625345975972468437e+00	8.951879641323337022e-01	1.142889765164504023e+00
-1.256839676369627901e+00	1.899540113121656049e+00	1.952460341862250370e+00
1.946242991791658827e+00	5.094653066609501346e-01	2.225440027996871795e+00
-1.295060672637500243e+00	-2.590550515215366278e+00	7.822185642805374872e-01
-2.062918777886823651e+00	-9.022635152472536779e-01	-1.982495060497150741e+00
6.200227789036347192e-02	-2.959338631690306420e-01	-2.984724252953069534e+00
1.399491587504927970e-01	-7.054152664498150593e-02	2.995903557523777572e+00
-8.960514493194967622e-01	1.768492101225321633e+00	-2.251561122438401785e+00
-8.104459339511885796e-01	-1.360347722252078784e+00	2.548064257962417756e+00
9.593745509909518132e-02	2.654789939593628745e+00	1.393874593118608729e+00
2.482373083207788933e-01	-1.537221154152044189e+00	2.564240503928036929e+00
8.400431148990112895e-01	1.483541743434645621e+00	2.468487686944712323e+00
9.591268356242248494e-01	-6.224758816439595055e-01	2.773553585196622429e+00
1.002026180413764456e+00	2.623232579999730252e+00	1.055743512882442836e+00
2.893577171648731294e+00	2.046611622073589778e-02	-7.917021471488934203e-01
-2.039415281186703233e+00	-2.198468567122047634e+00	8.672525721201398974e-02
-7.806060795340943326e-01	-8.981526194577250655e-01	-2.753901962807615789e+00
-2.969509229297471187e+00	2.134837097518357540e-01	-3.693773717862696149e-01
-2.986398624380711464e+00	1.868105140454947577e-01	2.156967504137561886e-01
-3.349587224725551482e-01	-2.573710608452386861e+00	-1.504598404285741875e+00
2.834797579165434733e+00	1.163005920195159665e-01	9.748829968020266135e-01
1.689989602867897789e+00	-7.011844628940984148e-01	2.377451469787410510e+00
-1.959790350050283347e+00	-1.302206880983012571e-01	2.267656137125069638e+00
-5.171407757107836511e-01	-4.835241001354222412e-01	-2.915264972980240010e+00
-2.350445720113086168e+00	1.821745440458733878e+00	3.957884118691350483e-01
1.608197292414741478e-02	-3.335375703644910539e-01	2.981357754329764909e+00
9.342696941481715145e-01	1.323882463983440561e+00	-2.524772338281892736e+00
-1.656097322241949277e+00	2.497845041411622002e+00	1.345801187338465099e-01
-6.935554126017874355e-01	-1.902547553150982340e+00	-2.213434818929614689e+00
2.536986209934832814e+00	7.651554770991877419e-01	1.406498512784712940e+00
-6.021047418158287368e-01	-1.081535657672022532e+00	-2.732718518447672107e+00
9.704161278759878551e-01	-2.172450796991348465e+00	-1.827224691549955704e+00
2.292695350041747293e+00	1.710114926179195916e+00	-9.050165584982814426e-01
1.801483894816654940e+00	-3.086801865022966926e-02	-2.398687754198287614e+00
-1.271719670895125498e+00	-2.696204992844620119e+00	3.364635421827063544e-01
3.231691095756358822e-01	-4.179401231689837681e-01	-2.953114928353040902e+00
9.534575694219235009e-01	6.218306484264145562e-01	-2.775652231096255917e+00
6.320814690083158549e-01	2.780724142710877533e+00	-9.316900013851956430e-01
1.420751051066119208e+00	-1.220892920535724957e-01	-2.639424303832253127e+00
-2.001699171971666580e+00	-1.059714492004322217e+00	-1.967283817948993097e+00
-2.171679121453125028e+00	-2.055842542562182018e+00	-2.394185323571372814e-01
8.571504620623335291e-02	1.943194140158669980e-01	2.992472706005919747e+00
-1.332054740847647967e+00	-9.832769758101161939e-01	2.501758692645439375e+00
1.225876443382749370e+00	2.733035619895438639e-01	2.724432437878224977e+00
-1.858165787265130264e-01	-1.595828913309879360e-01	-2.989984197260048493e+00
2.077054558567537068e+00	2.158954069898005645e+00	1.573584595903614325e-01
-1.834055750119759076e-01	-4.603025657309738061e-02	2.994034670897172568e+00
8.594572174327296255e-01	-1.940700639893259138e-01	2.867694213417108173e+00
4.143022150083131017e-01	-1.971550087739051271e+00	-2.222913387016089981e+00
-8.942135910212185568e-01	2.497376795824688411e+00	-1.401246300016293800e+00
9.321098400326080502e-02	-2.245656424018483754e+00	-1.987042761926793411e+00
-2.354122953327634771e-01	-6.216943106123653529e-01	2.925419155498639956e+00
-9.875437756827617486e-01	2.315977906817809462e+00	-1.631258295378763989e+00
4.285940766484980236e-01	1.486421070301967795e+00	2.570381201149777972e+00
2.212649369990074000e+00	-1.952458494289622370e+00	-5.404522120954159403e-01
-4.944802142167697423e-01	2.409596665593927711e-01	2.949140172463785348e+00
-4.135183603991884338e-01	9.060010302096535018e-01	2.829870085157941251e+00
-2.507758122063757228e-02	-1.010112354274294910e+00	2.824720189091755707e+00
1.864327342972106560e+00	-2.157837284969930991e+00	9.316768805976467505e-01
1.004747078688495110e+00	1.519766785899226536e+00	-2.383441256742961478e+00
-2.366845761686949601e+00	-1.826864291292345177e+00	2.461869240748609244e-01
2.206434197224034666e+00	3.028060739074597274e-01	2.009964331754441336e+00
-1.034767049230276292e+00	-1.825812454337268242e+00	-2.143750460154863369e+00
7.762929189353423576e-01	4.667199388689923789e-01	-2.859989825624030146e+00
2.621920618913798906e-01	1.751243708285479816e-02	2.988469279953964275e+00
2.371689348607261827e-01	-1.480864893967508977e-01	2.986941795213823081e+00
-3.079919794933952404e-01	-1.103340966003036328e-01	2.982107866542579089e+00
-4.361285804435917068e-01	-3.082623483302828968e-02	2.967969272847391871e+00
1.324238641780016712e-01	-1.106824967647926372e-02	-2.997055457285577873e+00
1.841774252896122288e+00	-4.920728400546289238e-01	-2.316404956273729887e+00
-1.332065321385419665e+00	-2.580295638652881252e+00	-7.534430281788251360e-01
1.242320718035759164e+00	2.596552430603949357e+00	8.453133789689115662e-01
1.356055868291204947e-01	-4.743493468346795527e-01	2.959155930663039946e+00
2.067013606272041670e+00	1.741702320130025239e-01	2.167283895055464260e+00
-1.356569371517652778e+00	2.518248829554130097e+00	-9.045122291652297752e-01
1.772789115953670613e+00	-1.546193363954227740e-01	-2.415224960778776353e+00
1.191065252663688456e+00	2.966534556239381337e-01	2.737400279674779391e+00
1.471523604206421032e+00	-4.410555313370202457e-01	-2.576836878915769180e+00
1.150078927474271095e+00	1.837852831586453961e+00	-2.073551405200575459e+00
2.610138611258903119e-01	1.115776214820865669e-01	2.986540171952246414e+00
1.076916855046696098e+00	1.048682609510698915e+00	2.596250155864447073e+00
1.654889231431870833e+00	2.324777370334779603e-01	-2.491444507404213304e+00
8.527593797833401545e-01	-9.280996079536494303e-01	2.722394636695388392e+00
9.146116416206980793e-01	-4.634807285237355634e-01	2.819338780512018694e+00
-2.478589605190308423e-02	-2.973363336960353376e+00	3.981157190778804589e-01
-4.399655139070782206e-01	2.014738037663999393e+00	-2.178821008289184125e+00
1.653897718451593946e+00	-3.957904333386504103e-02	2.502609805029419210e+00
2.632488919374134095e+00	-3.389919611098882180e-01	1.398244091593194627e+00
-1.681404122836284376e+00	1.297037083457738937e+00	2.119097680581192300e+00
2.159573884897161733e+00	7.117184067063297981e-01	-1.956961303967348131e+00
-1.440423169922400826e+00	2.282581891285657694e+00	-1.309580467602312392e+00
5.472364493376508099e-01	-9.811311994696495509e-01	-2.781710595648578366e+00
4.334956649314912758e-01	2.836774968781615947e+00	8.745223181712776794e-01
1.292642669128712063e+00	1.440562548471290061e+00	2.292128808311108212e+00
-1.740597983616246625e+00	1.136023966706039445e+00	-2.163277191323509818e+00
-2.888578404835939750e+00	-1.788171472886885272e-01	7.900248267940654934e-01
2.187738553684933862e+00	-2.044481361603909253e+00	-1.841086167857938771e-01
5.656867042971702730e-01	-1.179301817145303799e+00	2.699860325398184546e+00
-2.213686959418725397e+00	1.681474077419742752e+00	1.127933939849716127e+00
1.406674755113979710e-03	-9.129949875865369865e-03	2.999985777513186402e+00
-3.556663053196060797e-01	3.718363101740256860e-01	2.955543814206865516e+00
-1.378362621868582494e+00	-2.434803812656243682e+00	1.082518764969081282e+00
-5.180249928870460652e-01	-1.202908949420764984e+00	2.699010960731320630e+00
1.914740546190901949e+00	1.694294222056518251e+00	-1.569438029958004854e+00
7.512834930707583680e-01	1.553641468807293258e+00	2.453929766607372720e+00
-3.134524670815098113e-01	-1.522676517535047069e-01	-2.979691613759717583e+00
1.060371483876869636e+00	1.899682844763872280e+00	2.065627605714690951e+00
2.002629680255310629e-01	2.649396204025474155e+00	1.393052223620138808e+00
-2.522562104013079676e-01	-2.162563160201078194e+00	2.063901010817887460e+00
-3.617482278725182160e-02	-4.631191532352170459e-02	2.999424376225441335e+00
1.081735294712703743e-01	1.956409351030639954e+00	2.271730824442367513e+00
-1.106231321314722349e+00	-4.121339025923427268e-01	-2.757969889262080088e+00
-1.252662450866059762e+00	-4.797305375835540509e-01	-2.683411149171894827e+00
1.138694947455075046e-01	-2.420139090696100226e+00	1.769169443510444584e+00
-2.208568004203203650e+00	-8.967537969504915107e-01	-1.821554280954798877e+00
1.510583663837578472e+00	-2.588800274137912361e+00	1.274760180210599836e-01
3.111414406467101837e-02	6.031438928832467961e-02	-2.999232249173761300e+00
-2.412890033014818858e+00	-1.653519686395632071e+00	6.662089276494560508e-01
1.097095951879138997e+00	8.265963873700639120e-01	2.667043097656497608e+00
1.301508180710600371e+00	-2.692387612390723994e+00	-2.390092052377050247e-01
-9.556428533407181070e-02	-2.521155639461852616e+00	1.623157943324766705e+00
1.779490069322412715e+00	2.414339367106538958e+00	6.618544872185755379e-02
4.125598197168027781e-01	1.715810216522117571e-01	-2.966539119607901398e+00
-4.277110476075335899e-01	-6.684867803876916315e-02	-2.968601440745950892e+00
-1.365697015504625800e-01	-5.044393590164573116e-01	2.954130946605698860e+00
-2.845247995539673114e-01	-2.278974985756916927e-01	-2.977769025391613145e+00
-6.768345326902366343e-01	8.954636879618360634e-02	2.921279935780445758e+00
-6.518251487184877346e-01	1.008786457090655730e+00	-2.749086004381929627e+00
-2.799632095417401434e+00	1.050340358644373362e+00	2.425804223584038799e-01
-1.500781316449600888e+00	-1.697167024804420166e+00	1.966539989451604242e+00
-2.162228508738169627e-03	4.579531928272175564e-04	-2.999999185841014437e+00
-2.825594783418623468e+00	-1.007927574952695249e+00	-9.804262717945060393e-03
-2.275849398328648299e+00	-1.849870068457877270e+00	-6.312608382838102994e-01
2.191324618122604040e+00	-1.936238388546507094e+00	6.701323158366931931e-01
-2.885744734214777396e-01	-1.150005430891307467e+00	-2.755759837542091528e+00
-2.328064988779077193e+00	1.014958005940335362e+00	-1.596863693055450728e+00
-2.033099529668492167e+00	-1.319579893376457980e+00	-1.767827821779693220e+00
1.650626032642324770e+00	1.096468394603040020e+00	-2.252374471530010247e+00
9.834275980487786617e-01	-2.332341970116321050e+00	-1.610295343665231638e+00
2.930238849601029649e+00	1.612943216806795588e-01	6.226430968720384485e-01
-2.830179253257295802e+00	5.511167784043983220e-01	-8.284658659191292962e-01
1.142510445310697564e+00	2.174504037325606376e+00	1.722266551382389821e+00
2.467501081427616871e-01	-2.803254764071561933e+00	1.039652399526701965e+00
2.864826716017070840e+00	-8.880281455621332753e-01	-6.460572640506120901e-02
-2.479992665239350302e-01	1.553736684016092662e+00	-2.554290249863210960e+00
-1.722293683321197255e+00	-1.778151489751110148e+00	1.694662723932939485e+00
5.647013932337022757e-01	2.391241554891259558e+00	-1.721358812868817978e+00
-5.135750246705280686e-01	1.351331157949988704e+00	2.628715426893563301e+00
-1.963176191672181936e+00	-1.960530254198558975e+00	1.141166229268831156e+00
2.340870638315583285e+00	7.130219516687117398e-01	-1.735489657448449297e+00
-3.981141792609775298e-01	-1.126124777720683978e+00	2.751971672324208029e+00
1.498039557974304437e+00	4.961137796013122270e-02	-2.598733575017078579e+00
-7.020204081532745999e-01	-2.886622720978700762e+00	4.178236628840356626e-01
1.223764521780853043e+00	2.688397142377222604e+00	-5.243292859343876566e-01
1.504764362222970053e+00	-1.804074125896950598e+00	-1.865744023828792120e+00
9.172311896269575993e-01	-5.742780336870051405e-01	2.798015669148424145e+00
1.236688445152168248e+00	2.313799345931670803e+00	1.454968823168828029e+00
-2.070522605047371012e-01	-2.643257294091492238e+00	-1.403680960422275303e+00
2.883916503153670430e+00	6.860725922076712502e-01	-4.607927962320506055e-01
-2.397105487644923816e-01	2.524487363087044578e+00	-1.602966751503238862e+00
-1.344389283246065991e+00	-2.401089030842690875e+00	1.194733828540916587e+00
-7.275301917187626533e-01	-1.030535530721746973e+00	2.721892051507132759e+00
5.055900527020795732e-02	9.586456721508701539e-01	2.842260062389170727e+00
-5.429937661953432304e-01	-3.844081076418855991e-01	-2.925301382191616284e+00
2.860861209208351297e-01	8.072905568369118101e-02	2.985236598828456156e+00
1.552482841737716113e+00	-2.413187481823854785e+00	-8.753988826121648081e-01
5.015378746960105216e-01	-1.375798216995874901e+00	-2.618327524653166982e+00
-6.260826593760152603e-01	3.996210388331150609e-01	-2.906599994658810804e+00
2.428013077453806901e+00	-1.396569196087261489e+00	1.074405405912252753e+00
-2.149309348299009770e+00	8.166506923627793180e-01	1.927057594359307346e+00
3.983322670259422105e-01	3.156079134470433090e-01	2.956640500638448632e+00
-2.369217449509740892e+00	3.417281109559253821e-02	1.840011112988283681e+00
1.190995754837247400e+00	-2.719792706863423781e+00	4.292513758302748395e-01
5.477054606074419629e-01	7.011196178478523722e-01	2.865039268472540979e+00
2.933360043230683445e+00	-6.853981758522684209e-02	-6.250609171777310458e-01
1.649341328414673846e+00	-1.744631857533069930e+00	1.798869885251300982e+00
2.187038411640965796e-01	-1.848586732624740936e+00	-2.352635909320406338e+00
1.375621031377691317e+00	1.648622417395244844e+00	-2.095163693579390696e+00
2.569468191709032845e-01	-7.915215442528362733e-01	2.882268547013196347e+00
1.335830455830486319e+00	-1.892279632844880988e+00	1.906524267979864629e+00
-1.731663702538598137e+00	9.593089239550680603e-01	-2.254122270359459002e+00
1.732486637465254109e+00	-3.204175022323666466e-01	2.428131519351352630e+00
-2.700458523013138379e-01	-1.177528711666160355e+00	2.745997336279969669e+00
2.016816619120064547e-01	5.213130181899515714e-01	-2.947466241420602540e+00
-2.736702550088757846e+00	-1.226633148263386319e+00	-7.635621729199920660e-02
1.508807053634541262e+00	2.525480323544101235e+00	5.877502958691190882e-01
-3.748832848923159267e-01	2.157340159173567768e-03	2.976484145530055248e+00
-7.320992688501239964e-01	-5.706391433314003114e-01	-2.852788395350612127e+00
-6.459936106821717594e-01	-2.707187666310539864e+00	1.119744253985660354e+00
2.646383355886038902e-01	1.006516251728065692e+00	2.813697138347369897e+00
-1.223380545934400043e+00	1.259369008964410730e+00	2.432556214990569732e+00
7.690664917470521056e-01	-1.800524546413113214e+00	-2.273026196293332024e+00
1.356445610126588708e+00	-9.073932324137623517e-02	-2.674289004948044557e+00
1.156851805666855526e+00	7.809415697080751562e-01	2.655527097287320615e+00
3.767303009466735908e-01	2.085968991203308032e-01	-2.968932739895939754e+00
-7.028332655446565269e-01	2.865854271899227257e+00	-5.412067008831150661e-01
2.497494008946975708e+00	-3.468868869957668077e-01	1.625482440047985033e+00
-6.448663708213858703e-01	2.917729925933786106e+00	2.664572068720995057e-01
-1.108476074687801682e-02	1.909334875367166284e-02	2.999918760918794725e+00
1.505254766385903720e+00	-1.888113491689401346e+00	1.780234684184356375e+00
-2.878140093780296116e+00	-7.608718799814304656e-01	3.706529142309181180e-01
-1.582615033599310994e+00	-2.520832617972333711e+00	3.751433960397045353e-01
2.319148067169876093e+00	1.107865179023130864e+00	-1.547316059391316667e+00
-1.293967020749573038e+00	2.420970896272436779e+00	-1.210185633948076545e+00
9.586485136177295974e-02	-1.214433608840249645e+00	-2.741525294428748261e+00
-1.526925662555438379e+00	-1.737822731573704926e+00	-1.910096901901927602e+00
-2.649758937514143375e-01	1.941015327571229188e+00	-2.272057938051799564e+00
1.731639178804804668e-01	7.989855161922599924e-01	2.886457413934816696e+00
2.479364151305079478e+00	3.105627325050530629e-01	1.660212093198407679e+00
-1.043249893009186691e+00	-4.834328477748938147e-01	2.770906411705125638e+00
-1.377836173538608433e+00	-1.162699107766086648e+00	2.397852844460733657e+00
-1.883356269723185150e+00	-2.079297065509988052e+00	-1.062776022808154197e+00
5.215817996766981546e-01	2.693787184910140464e+00	-1.213038758102938708e+00
1.456577544641780575e+00	-2.723236830270530651e-01	2.608490304392160120e+00
8.291616890770052706e-01	2.866520028770230155e+00	-3.091178060644314551e-01
2.952221629597627572e+00	2.556660308191205377e-01	-4.679982162584847005e-01
-2.167516864269742882e+00	1.056450941652616660e+00	-1.784875920333836241e+00
3.709091802166352148e-01	4.168263303762068661e-01	2.947657067967053734e+00
4.648994755873419593e-01	9.834555417551785750e-01	-2.795833270241565138e+00
2.356709422935990283e-01	-3.716874872764573956e-01	2.967542353322115467e+00
-3.259839633260648850e-01	4.091136950700341446e-01	2.954041374144982246e+00
8.533113470345020379e-02	-1.144845880299836111e-01	-2.996600052818831905e+00
1.102021631414568770e+00	-1.724665301604416445e+00	-2.193416951091633926e+00
4.736947245065685208e-01	2.947658405823891936e+00	-2.948274589491266529e-01
-2.286371766313112897e+00	1.087984083804861779e+00	1.608973206611457041e+00
-1.080014492534665083e+00	-1.205324093852752521e+00	2.526017126761639808e+00
-6.468646616589553977e-01	1.306519622932784452e+00	-2.621940614199417485e+00
5.944818380007875769e-01	-7.007903137176746400e-01	2.855780853021934629e+00
-1.689401276914700656e+00	-1.778782516950495607e+00	1.726805166470797515e+00
-2.551817523887040640e+00	1.577326205096784006e+00	-1.641241901705432771e-02
-2.062387497932635927e-01	9.409247127242666986e-01	2.841148757645130196e+00
7.086975316579280371e-01	4.526564298284887489e-01	2.879730884155129900e+00
2.578632336715641071e-01	2.819131032718455998e+00	-9.929787374784089238e-01
2.998488327129945841e+00	5.415466662102223078e-02	7.832639496762817954e-02
1.767087334699903867e+00	1.722083951866346219e+00	1.706408278890951369e+00
-2.151832482682045633e+00	2.082636745971362835e+00	-1.795582100719396168e-01
5.722384651681206025e-01	7.905652606736491839e-01	-2.836820351660999773e+00
9.448421701519128524e-01	-2.689663350677145459e+00	9.343363064372554039e-01
2.981440927599798285e-01	3.731950352535064463e-01	2.961728476011003863e+00
-1.514436547138697575e+00	-5.705741782780655580e-01	2.526049693052955458e+00
3.344005617627151400e-02	-2.817637757051503211e+00	-1.029465508252074946e+00
-1.537937707799946985e+00	-2.531030992230977716e+00	-4.781524059265180870e-01
-1.929403664241806926e-01	-2.740535801174746044e+00	-1.205088186600298261e+00
-2.820680485251975789e+00	-9.921852006158138337e-01	2.435777654007827975e-01
2.330084469271454850e+00	-1.852216428749202226e+00	-3.741666301683143070e-01
-1.522457658594956076e+00	1.876198071146961688e-01	2.578162424240142414e+00
-2.497225153814422782e+00	1.621350778607933307e+00	3.675434448660180875e-01
-9.064941551456866531e-01	-2.652889067676898804e+00	1.067917572328081821e+00
-2.677040057197232592e+00	1.301292678637091527e+00	-3.742911923715798173e-01
-1.653679458444100803e+00	-1.193079827479650579e+00	-2.200432860593831030e+00
-7.296522765270263555e-01	3.666246417833810556e-01	-2.886727200030535290e+00
1.869064881343105722e-01	2.931017916082447883e+00	6.117188408877102246e-01
-8.742167663101800823e-01	7.218790737183969908e-01	-2.777523293949061056e+00
1.977191046692910570e+00	-1.064063710230286786e+00	1.989593924761620336e+00
-5.109313834127092724e-01	3.642915838821969010e-01	-2.933639508078075941e+00
-8.640761840377600977e-01	4.041408479310740209e-01	2.844300005838395151e+00
1.480835056885696721e+00	1.609617165236925107e+00	-2.053353383047589631e+00
-6.916445980309549046e-02	-9.338888483561628984e-02	2.997748287246496890e+00
1.689993473540733815e+00	2.104978257235250449e+00	1.308811902435400132e+00
-1.349933929967443103e+00	2.268060332185711570e+00	1.426036715617200912e+00
-2.076775924894552539e+00	1.707056892938430437e+00	-1.331524886004677111e+00
-1.111852734127993125e+00	7.671362856859014201e-01	2.678672323520767229e+00
-8.003530821574019738e-01	2.253767951500671232e-02	2.891180900061984360e+00
6.834815787207478843e-01	2.392960326419414141e+00	-1.675289171376717068e+00
2.335175095544079316e+00	1.794962258657156973e+00	-5.701471416635355283e-01
1.789345851802695231e+00	-1.180634940526053001e+00	2.098652558153809800e+00
-9.849185062970262639e-01	-1.478469227144147524e+00	-2.417449954051049676e+00
4.329063776674559327e-01	-4.810156866138760035e-01	-2.929371259742647116e+00
-7.500100989707990662e-01	-7.116118262671602412e-01	2.816219710917195140e+00
-1.395612755543571781e+00	2.584268619713179227e-01	-2.643005976833146864e+00
2.019808814534019614e+00	-1.250883120693628614e+00	1.831847092716651471e+00
8.337305340990088798e-01	2.154358330688391554e+00	-1.914062062605208947e+00
-3.348704935703655239e-01	1.006491720730999795e+00	2.806213849412744210e+00
1.736416961684813728e-02	-4.399961782178064135e-02	-2.999627063360553070e+00
2.718580619669064835e-01	-1.119890084499108429e+00	-2.769826599768328013e+00
1.228317804142367242e+00	9.509167169738477754e-02	2.735359747090073235e+00
-1.945171272951350117e-01	-1.106528450078968495e+00	2.781682562111407186e+00
2.813612997952225747e+00	7.296795607892885005e-02	-1.038391821587570263e+00
-9.535727432617150390e-01	-2.983489666513001182e-01	2.828725316711827364e+00
2.086997899434902326e+00	-1.756084336235073984e+00	1.249242799372534130e+00
1.487503749121060981e+00	2.563400372874344413e+00	4.650925979828752777e-01
1.885458137227686182e+00	-1.934137371853800635e+00	-1.305434885224222352e+00
2.160466095113698692e+00	-4.743789808332530833e-01	-2.026660019442770633e+00
5.779664432180631195e-02	-1.894924217171883196e+00	2.325063818281266848e+00
-6.493163286525949207e-01	-2.782977619622069465e+00	9.129205190090732280e-01
1.545624107193303010e+00	7.821161746174225271e-02	2.570005654109913440e+00
5.271439224071733376e-01	4.282188854177306769e-01	-2.922113596566837224e+00
-7.445628852903579675e-01	-4.513304352974882860e-01	2.870875641337025552e+00
-1.217161194013092640e+00	7.884099033748967478e-02	2.740858027339472702e+00
2.131642425193297274e+00	2.122379885504715180e-01	-2.100251320040553704e+00
1.119026345421968660e+00	-1.050141418057255693e+00	-2.577786461352501224e+00
2.943376314480460110e+00	-4.529864367295669686e-02	5.783458344596363876e-01
2.216329368969511382e+00	1.067364093637291678e+00	1.717154046629786102e+00
1.749795413348875561e+00	-1.545309653686399720e+00	-1.884206486998400987e+00
-1.145923581963268711e+00	9.497947885431955450e-01	-2.604755075617793736e+00
-1.581184927930203932e+00	2.533106870826746349e+00	2.884853629851749091e-01
-1.152224859242202193e+00	-1.161548180761470705e+00	-2.514594141708360375e+00
-1.390404064923089322e+00	-2.159975680879386850e+00	-1.549606916045155991e+00
1.210995529021065220e+00	1.584433236443924531e-01	2.740143343309526358e+00
-4.699551357794081174e-01	-8.855209558875495879e-02	2.961638177887602641e+00
2.477037495727029803e+00	1.270583460631854456e+00	1.117990569875768614e+00
1.786963048765165263e-01	-5.493525250458387577e-01	2.943854519817383775e+00
1.801861800427284166e+00	-1.683130432362954787e+00	1.708907838303352911e+00
-4.734177471315575980e-01	-2.685014746572214950e+00	-1.251627519428453628e+00
4.744857138216267978e-01	1.793650104379513666e+00	-2.357473777253638936e+00
1.558086926955348783e+00	1.552812580482250571e+00	-2.039886814984324559e+00
-2.885562270984639022e-01	1.189029427582139586e+00	2.739150292361919536e+00
1.346167602855321555e+00	1.782853512423002718e+00	-2.002315194534496356e+00
1.299004145157647006e-01	1.172073370965943107e-01	-2.994893708036957758e+00
-1.914416330165845448e+00	-1.183190898371260458e+00	-1.983700938348758713e+00
-2.284660077707544534e+00	-1.883969218400119106e+00	4.806124358047773049e-01
2.928561284252827246e+00	-2.797048634589061611e-01	-5.876172170153529661e-01
-6.187876577967688779e-02	3.363607591414811970e-02	-2.999173158179214038e+00
-1.439901651099216862e+00	-1.646608615873497605e+00	-2.053134993441227962e+00
2.793355641380986132e+00	-5.775269959209133885e-01	9.293152477752557594e-01
-1.627520536446010191e-01	-1.511224951269228844e-01	2.991767664859869669e+00
2.666152066723236125e+00	-5.224942820426915491e-01	1.272255038245126313e+00
1.521485772559945548e+00	2.579043441015103078e+00	-1.833465932452638669e-01
-2.807651772117885081e+00	3.854867385175835687e-02	1.056222290177390333e+00
-7.322892223051878646e-02	1.753912816363323302e-01	-2.993973183459551546e+00
7.026111510348390099e-02	1.598855479614390007e-01	2.994912350513364352e+00
5.591976610094594458e-01	2.883518535839896479e+00	-6.104251218530309941e-01
1.286792081242261847e-02	-3.991900441005524769e-01	2.973294759236790430e+00
-9.758183638883232147e-01	2.683722582914005894e+00	9.194626793163986900e-01
2.517437012977906896e+00	1.461794648186937495e+00	7.250291664622223742e-01
-9.136842451085237515e-01	-7.083435605033244764e-01	-2.768290176360480359e+00
6.582209631981618125e-01	-1.216403297318762178e+00	-2.662162313210546305e+00
5.658492495379936482e-01	-2.941043353968634921e+00	1.734318796363853166e-01
1.829876362187449756e-01	2.981793171084037297e+00	2.746361408621869615e-01
-9.344112214945617945e-01	-1.291043569914591238e+00	2.541669169999752231e+00
-4.905247134477317417e-01	-5.706819978229420443e-01	2.904084634244986418e+00
-1.109389851355358614e+00	1.951169640645084025e+00	1.990525355561860277e+00
2.992115572772111598e+00	2.170250597572586371e-01	-1.202175577771237916e-02
1.032409598705109399e+00	2.160366090966513664e+00	1.807470269051089984e+00
1.950660855766334301e+00	1.760920974144325468e+00	1.447093483020206461e+00
-6.512392425521535966e-01	-9.510160592165010918e-02	2.926917001472918667e+00
-1.634865843011569675e+00	2.304424479117788138e+00	1.008385588649888032e+00
-3.218887787368975850e-01	-1.607974449390285665e+00	-2.512131721114814198e+00
9.869230394313183163e-01	-1.666697949570743686e+00	-2.290873383479830494e+00
-2.455386605128368593e+00	9.791622791025814676e-01	1.418561895208955370e+00
-1.245616849608073951e+00	2.074275912380240783e+00	-1.773645427725501156e+00
3.353456252549737865e-02	-5.369487994798972930e-02	-2.999331974454244154e+00
-1.493025542073088463e+00	1.965977287162051335e+00	-1.704643082020485867e+00
7.518206846764646789e-01	-2.423177964996262812e+00	1.600929170216216058e+00
-2.250632461362719106e+00	1.963269235347173680e+00	-2.832444763798784293e-01
-9.070963333814736629e-01	9.395857881134733747e-01	-2.700806321960364187e+00
2.170476358961441310e+00	-1.967806509407878268e+00	6.455771965624753639e-01
7.400767062163656762e-01	-6.432644343540865339e-01	-2.835224389075942764e+00
2.214359013460503789e+00	-1.348280354010863880e+00	1.509554320484878698e+00
-7.865512943986100944e-03	-4.441121718870177926e-03	-2.999986401659848312e+00
2.905569830971980183e-01	-1.423950522301874022e+00	-2.624488816819320114e+00
1.431376459344018581e+00	-2.005138425721850748e+00	1.711894075382433433e+00
-1.887039790839125875e+00	2.002411474554831816e+00	-1.195587351204826287e+00
-1.231774945929193787e+00	2.445275695876622635e+00	-1.226114698442291262e+00
-8.596495614793525641e-01	1.439476946423395021e-01	-2.870589084605372765e+00
2.563088383961530159e+00	-3.289816704022688332e-01	1.523925521979602848e+00
-5.332681409261832428e-01	1.362986511111795807e+00	-2.618757885028783150e+00
-7.635021220350225457e-01	2.603804322993302556e+00	-1.279557563069909421e+00
2.630212151942112331e-01	2.549561870026175181e-01	2.977552213323360952e+00
-8.169442232187726916e-01	-3.554241830259229906e-01	-2.864659802885821005e+00
-6.495057063528852925e-01	-2.194806612855954242e+00	-1.939321084704338727e+00
2.267904932905551174e+00	-6.728671377675558007e-01	-1.844954479171549977e+00
2.318470218769966174e+00	1.896561089517590837e+00	-1.665889504276743815e-01
1.427841735817722446e+00	2.842025927339851890e-02	2.638268421961621701e+00
-2.685056583625855975e+00	8.594427079392855662e-01	1.025587331482520570e+00
-2.699738433970881868e+00	1.308196936099758956e+00	-5.758864441366048567e-03
8.235453699824675233e-01	-9.557471530821534111e-01	-2.721822992583426526e+00
9.741343770061027252e-01	2.706971303681293239e+00	-8.505107739358344077e-01
2.332330468710325011e+00	1.610232229141202120e+00	9.835582102552091754e-01
-1.374674212430170295e-01	-1.978485671386266964e-01	-2.990310795315093806e+00
-1.984085583762461358e+00	1.363021576129375828e-03	-2.250200555167951144e+00
-7.856052661779473478e-01	9.554222466843056635e-03	2.895294990598804574e+00
2.904994674389278497e+00	3.611154307705262689e-01	6.562023982197460192e-01
-1.218890821837561367e+00	-1.705429103575950123e+00	-2.146116664376912730e+00
-1.418148004299921161e-01	1.103599081467029341e+00	-2.786029007344347441e+00
-9.748714685087989107e-01	-5.978374775067852864e-01	2.773484445670431953e+00
2.784728198489525575e-01	-1.261847816185802884e+00	2.707432912814737413e+00
-2.833779088530467560e-01	2.229402618999344554e+00	-1.987325067313583160e+00
-1.916297352097806161e+00	2.839336417994281492e-01	2.290673731764838017e+00
-4.094054312580893695e-01	1.670786441645637943e+00	-2.457816075150759616e+00
-1.657301266217530572e-02	1.196307700596427048e-01	2.997567983233447197e+00
-2.406022147477973050e+00	1.789414198685869373e+00	9.515383012202427437e-02
2.803629293022301017e+00	-4.443696150429688463e-01	-9.706690643745861102e-01
2.731905092330357276e-01	-8.795376163146910453e-02	2.986240291985872375e+00
1.003870059039480428e-01	3.012428618391150836e-01	2.983148535899045939e+00
2.138437741471915121e+00	4.294936102055476046e-01	2.059761943682109298e+00
-2.540652995072366860e+00	-6.926687369769394254e-01	-1.437112514538991359e+00
1.105006012927929104e+00	1.118057466467004823e-01	-2.786837129508987765e+00
6.044087353326121903e-01	2.610947256932908966e-01	2.926861736548000525e+00
-2.298917915552299185e+00	-9.017373846790229797e-01	-1.703480585925448487e+00
5.739876596296983324e-01	-2.927595992626321753e-01	2.929988051790041848e+00
2.268524091766975781e-01	-8.229856344839238114e-01	2.875975074628398076e+00
-1.795891536198427119e+00	7.386653687253197376e-01	2.286732836003528391e+00
-2.813004983164650863e+00	-8.772529763517730172e-01	-5.634094249946461908e-01
-2.505426759225497069e+00	7.817587656936391127e-01	-1.453165505514764533e+00
-9.697149682774209856e-01	-2.053056058943714124e+00	-1.960768650079153463e+00
-6.663260926796510386e-01	2.526870274783535208e+00	-1.473409702910106978e+00
-2.978462863392475235e+00	2.356218139612008267e-01	2.706313584519237092e-01
-9.009906625950768466e-02	3.266637822132349711e-02	-2.998468786896582916e+00
1.733400432710635250e-02	-1.442198841481656495e-02	-2.999915255227079136e+00
3.150697690069765300e-01	2.250019945570671975e+00	-1.959117476108065858e+00
9.382413434228960014e-01	9.262994721645954055e-01	2.694749054988161863e+00
-1.982576583415624150e+00	1.177162381031525040e+00	1.919291228442474573e+00
1.659419025081904087e+00	-2.116544531868707502e+00	1.329122922762563164e+00
2.253673159042592911e+00	-2.509287917783766253e-01	-1.964177189987609928e+00
-4.063035443914479461e-01	-2.459245674724120256e+00	-1.669439469152941502e+00
-1.570715380718152421e+00	-6.322969368307950200e-01	-2.476500308186902366e+00
7.825399742390836133e-01	2.822195638737207357e+00	6.502637660292781563e-01
4.639543845673841926e-01	2.932857478726356604e+00	4.278940739477240518e-01
-2.328961359954567545e+00	1.885282057511611375e+00	1.471412500400801349e-01
-1.902455064532055040e+00	-1.416822587967939251e+00	1.836648709378079225e+00
2.302305737096995986e-01	-2.957493220432097392e+00	4.474681374438672643e-01
-1.068310159497111389e+00	1.510008813896912105e+00	2.361903212468473789e+00
8.860592688870229383e-02	-1.141925045266494188e-01	2.996516154074615912e+00
1.852405848050741932e+00	1.191860992998746926e+00	2.036678655918859882e+00
-9.901515821637222325e-01	-1.291678759223484851e+00	-2.520151945282179895e+00
-8.031463715665694281e-01	-2.563096535194138603e+00	-1.336223056647076302e+00
-1.358464678469335718e+00	9.960543789228153422e-01	2.482428124151812909e+00
-7.340158756034013132e-01	8.146496783702712463e-01	-2.792412325551759444e+00
2.052603765597152408e-01	-8.251886847089269228e-01	-2.876965730147460931e+00
2.604982234540112351e+00	-1.481752001086213300e+00	-1.359358856498404655e-01
1.816782627556965179e+00	-2.052427225036642433e+00	1.219361870051543839e+00
-1.778176347201287477e+00	-1.609085304049668874e+00	1.802479781452561047e+00
-9.427526865253407218e-01	1.729141491766313654e-01	-2.842765918795245206e+00
2.488244235354007405e-01	-1.190412573236596216e+00	2.742444951449800605e+00
8.731218213123103089e-01	-2.866307721568783773e+00	-1.481159357511594998e-01
-2.482960568647117672e+00	1.564773488024600701e+00	-6.216033668818943259e-01
1.325553392007677633e+00	2.515818646600799902e+00	-9.558058078671940461e-01
2.603397328558958002e+00	7.581309637010774649e-01	-1.283573056561158499e+00
6.569193003926511176e-01	-6.596228050483491367e-01	-2.851903712931377566e+00
-1.328108338012198297e+00	-1.700581604487509946e+00	-2.084262567188011950e+00
-2.976463225068652907e+00	3.709914320656664821e-01	-5.506384610410941516e-02
1.515661278648845700e+00	1.020610692879721837e+00	-2.379311812685365624e+00
-1.731866308702136037e-01	4.881201323168224415e-02	-2.994599101424445298e+00
4.086465829540039674e-01	-2.714685332702788667e-01	-2.959613624391551845e+00
2.044178795324631981e+00	-3.734336908444055858e-01	-2.163765313357125741e+00
-1.725946919638973176e+00	-1.197288482784493846e+00	-2.141870098670866085e+00
2.464069624240310397e+00	1.652770344496552024e+00	-4.435212229972355646e-01
-1.355184271408683694e+00	-2.483082762596761750e+00	9.988871731188403436e-01
3.942622188688953422e-01	7.169338745427804582e-01	2.886271491441103620e+00
-4.866501502882918939e-01	-4.289143530261230186e-02	2.959954721951345125e+00
5.369184937111216582e-01	-2.635715814985918559e+00	-1.328427895575855500e+00
-1.506157261681319859e-01	-9.917627725003984318e-02	-2.994574922933415095e+00
1.072082532155934187e+00	1.100148770354740790e+00	2.576880231468484883e+00
-5.480843087344187958e-02	1.200795280122135766e+00	-2.748651802455449822e+00
2.331833208299018967e+00	1.787755646249197250e+00	6.053789209891746737e-01
4.731132331017379733e-01	1.921831372433220109e+00	2.254490639722300127e+00
-9.935440382925176950e-01	2.487361103084336111e+00	-1.351260517752394641e+00
2.766438682357057477e+00	1.046561655948479830e+00	-5.015233963205742995e-01
1.379013527388863958e+00	-1.130991730702569642e+00	-2.412297534791454368e+00
-1.555942698623317411e-01	-2.175237926699448376e+00	-2.060128730306505229e+00
-9.445663063970257678e-01	4.164758165951842894e-01	-2.816796475965356983e+00
-2.836985909893310343e+00	9.703143205832454044e-01	-1.000053315473842241e-01
5.284907597602790386e-01	3.480217472837303094e-01	2.932503773273886338e+00
-1.864100090651088504e-01	3.138037826756014947e-01	-2.977713635408688830e+00
-1.840961478494859582e+00	1.501606117098261972e-01	2.363961214865622829e+00
3.871554509632663676e-01	-2.386330181660052396e+00	1.776383663764033560e+00
-1.483198915290261377e-01	1.469643435456122471e-01	2.992724960884816099e+00
-1.447478150030845789e+00	-2.265883977155600082e+00	-1.330630229347281146e+00
2.102789384843038345e+00	1.233761224460548478e+00	-1.748173344954397246e+00
1.655525189980510792e+00	-2.293860851887086216e+00	-9.987185476999240752e-01
2.460512917719436810e-01	8.220779060019009835e-03	2.989881465979713937e+00
9.836732666905981803e-01	-1.386472651329640371e+00	2.471857700498393484e+00
1.117531872597562259e+00	1.221689924269960592e+00	2.501718657776258681e+00
-1.460689781144791199e+00	-2.546116681321624053e+00	6.194152148235809729e-01
-1.090867112262434491e+00	1.796106406737552952e+00	2.141030293821302610e+00
-2.294473994812679329e+00	-8.758466047652595510e-01	-1.722870224958778840e+00
-2.271468929795019243e+00	1.503342793023652701e+00	1.257135373633130770e+00
-3.501899941781145276e-01	-6.842898447638355863e-01	-2.899847302243795166e+00
-1.686573028012862130e+00	2.200151612138888435e+00	1.146649163773372893e+00
8.154001566370483456e-01	-6.256464548734004261e-01	-2.818455090658821049e+00
-6.451632336600762185e-01	5.663299942913330165e-01	2.874549484614806971e+00
-2.904568673417754265e+00	-3.567679339840392760e-01	6.604524681466397151e-01
1.308091551065091764e-02	-1.335595542727925078e-01	2.996996952803231640e+00
-2.565140229662619259e-02	2.692541965590644182e+00	-1.322709253424004139e+00
9.937898323568643555e-01	-1.008282447023612693e+00	2.644947688731894786e+00
1.654714835521154503e+00	-6.337091641092050809e-01	2.420812158848804962e+00
1.959938088956637348e+00	2.008043759641155113e+00	-1.061321321195056511e+00
-1.926870745643089133e+00	-1.128154709695320612e+00	-2.003605769750404608e+00
1.324155733366405130e+00	7.204161595369977800e-01	-2.593764089286232810e+00
1.566369235624282874e+00	1.434645718261023939e+00	-2.118555895124107913e+00
-1.393554752738766833e+00	-2.332945629820079234e-02	-2.656588204368156347e+00
1.484552663357529445e+00	-1.097959021772744848e+00	-2.364442720013725463e+00
1.207213152061668460e+00	2.716405289185623850e+00	-4.046958245073676297e-01
2.964670710705667123e+00	8.142936357782253054e-02	4.517707779740344209e-01
1.946437952256992121e+00	1.195336791296323531e+00	-1.944877696254192490e+00
1.480096951396348448e+00	-6.917327053262649628e-01	2.516111857380200156e+00
6.469304027913327371e-01	-1.163135883266990023e+00	2.688604837271733050e+00
2.979134383921327345e+00	1.340195013142116420e-01	-3.267982493912433006e-01
-1.684153181477364258e+00	1.286921351466074448e+00	-2.123078306718903185e+00
1.578302336611154544e-01	-2.628655062814601262e+00	1.437102006846292301e+00
-9.177242520203451326e-01	-1.995813163771309739e-01	2.849201554015944104e+00
-4.490634801523857300e-02	-4.702703010742263767e-02	-2.999295230274473756e+00
5.397461132985916787e-01	2.699658188366330425e+00	-1.191855611710448404e+00
1.780267514570908594e+00	-7.307537713761945719e-01	-2.301444438213311905e+00
-7.703870058845355695e-01	-1.648379006531042745e-01	2.894707641139695475e+00
1.215712475676441917e+00	1.518733763356181932e+00	-2.283744935960806188e+00
-2.868487603966095367e+00	-2.097525329611124867e-01	8.531018349583181504e-01
-1.016587928447952427e+00	8.854673397050843997e-02	2.821118299475769309e+00
-2.020107827329295613e+00	-1.426641603398204117e+00	-1.698192598445863233e+00
2.446927543906756153e+00	-1.735663841920575878e+00	4.077097001202059298e-03
-1.399215548455590374e+00	-2.545100029881272707e+00	-7.514397426663468327e-01
1.595633483654825602e+00	-9.613900825200893951e-01	-2.351527778928324874e+00
-1.120028976591071146e+00	2.502942709615080474e+00	1.216886553455612141e+00
-3.075406325951045572e-01	-2.053824365882128966e-01	2.977118878050402984e+00
-2.566202937891379321e+00	-1.493080881685509675e+00	-4.304787594096535219e-01
1.179956809745060092e-01	-1.325502871856300002e+00	-2.688702132251183929e+00
1.889914223101042401e+00	4.900950343048227076e-01	2.277724980472870087e+00
-1.396526454693141295e+00	-1.101062423759098907e+00	2.416066100157018504e+00
2.941978242093295504e-01	2.291191851267753987e-01	-2.976735130850129973e+00
1.277504387232588190e+00	2.180170079648483750e+00	-1.617046988929825346e+00
1.416289133128100675e+00	-2.590464543043718315e+00	-5.325584875077608027e-01
1.305884528859808213e+00	1.920027390978678028e+00	-1.899515837042746735e+00
9.868724326114857170e-01	-7.060370734515949431e-01	2.743646196699457196e+00
1.810311612145842464e+00	7.211529674792599431e-01	2.280945037572316814e+00
-1.774368701725180797e+00	-1.148985246294123463e+00	2.128719947324337003e+00
3.351571958869463685e-01	-9.445895672251735098e-01	-2.827617407559685603e+00
-2.825118925523107394e-01	-2.781947080285040452e-01	-2.973683697872295362e+00
2.835829583187490677e+00	2.417757394244550717e-01	-9.484803988193015734e-01
1.210246242712802900e+00	2.738407404714327864e+00	-1.908636104795338184e-01
-1.105649809621789936e+00	7.236602580945298291e-01	2.693298039456060167e+00
1.734000329359776729e-02	-5.047494258357153596e-01	-2.957182331443953149e+00
-8.511027071318715276e-01	-2.865958430333431561e+00	-2.488100832231963933e-01
-1.615035851623160434e+00	-2.265138930890119529e+00	-1.122855654898625266e+00
1.054086843538972890e-01	-8.779835887786731352e-02	-2.996861768157005557e+00
2.329388196452497173e+00	-8.712379509381659171e-01	1.677764901013501841e+00
-2.719801798002692728e+00	-1.257966378166623267e+00	1.421223803053753287e-01
-2.137424260264708664e+00	-2.082239356125207053e+00	-3.093489864782869581e-01
2.531207369155717757e+00	1.608234359952810388e+00	-8.106477532790500040e-02
1.207805486897990166e+00	-2.299491422623069214e-01	-2.736481189007506920e+00
2.350121881528267842e+00	-1.766191977949875147e+00	5.979072160356843080e-01
2.844630154189518478e+00	-7.112975598924679010e-01	-6.341412044385184021e-01
7.749930160490241526e-01	1.330666991218678374e+00	-2.574628358337619716e+00
4.803164435735904347e-01	-8.262792521659150236e-01	-2.843687520012168068e+00
-2.446212098603413931e+00	-8.015244591441768318e-02	1.734826202839990117e+00
-7.428248514038816586e-01	-2.860467263122441484e+00	5.156920367250314996e-01
-3.817311361513760493e-01	-5.667754916919351960e-01	2.921137942944486365e+00
2.461343513544387296e+00	-6.973978133377752853e-01	-1.566979386681477182e+00
2.627341559295624407e+00	1.387814747484020561e+00	-4.135777526220435485e-01
-8.211229975436492579e-01	2.550871441223752090e+00	-1.348633350193443325e+00
1.451185259034726061e+00	2.605102681477417192e+00	3.278740046412410569e-01
-1.566092334599237468e+00	-1.806764495363682776e+00	-1.811893169533658421e+00
-8.269729245326635780e-01	-7.023647700776916025e-01	-2.796926797727034675e+00
2.164409418794533746e+00	2.768333537460981875e-01	2.058809161162635792e+00
-1.639136525659268928e+00	2.468162672859145257e+00	4.705363647524602455e-01
6.983635910526796442e-01	1.556083781282710188e+00	-2.467973168476697232e+00
-4.927315575085273736e-01	2.225408790102482992e-01	-2.950879728047987705e+00
-3.109026160408881120e-02	1.275075759054092447e-03	-2.999838623962161943e+00
-2.597249114662280589e-01	6.605886544088303003e-01	-2.914818279075076735e+00
-2.525485517618376807e+00	7.730221386640742098e-01	-1.422799941465791917e+00
-8.356692296901062633e-01	2.773215684885100174e+00	7.816212021538375687e-01
1.483400819420618744e+00	1.605630429814497884e+00	-2.054622333129850098e+00
-2.170121890652184860e+00	-5.712852005852727677e-01	1.991030938811456652e+00
1.979672810324197396e+00	-8.906383685237647674e-01	-2.070666284212987485e+00
1.250683834599574940e-01	1.314431003805637044e+00	-2.693813103333862813e+00
-1.872290126308933100e+00	-2.331293443436833535e+00	2.441322664346275151e-01
2.358796817348682850e+00	1.225123061260994239e+00	-1.391097070384454959e+00
-2.300954320699612587e+00	1.197335035265260972e+00	1.507314840164496461e+00
-1.756460057532458485e-01	1.488615298550554356e-01	2.991151738978172325e+00
2.041650459320935862e-01	-2.109891766283227721e+00	-2.122892688901110603e+00
2.599466400736693217e+00	1.449076728335027431e+00	-3.780887023422856430e-01
-2.314190397793340015e+00	-1.658969727803633054e+00	9.446386848908119305e-01
-4.445714130278752285e-01	-1.495907844549655696e-02	2.966838803287171977e+00
-6.025177774727358271e-01	-2.471604304049790812e+00	1.590013991143431671e+00
-7.484278089663851663e-01	-4.055701578406654129e-01	2.876694050787270029e+00
-5.026451168829387806e-01	-7.485759561035243426e-01	-2.861290255185137799e+00
2.187876557001132927e+00	-2.046935096447147551e+00	1.524889578224401521e-01
-1.252025856306477669e+00	-7.988147781036203376e-02	-2.725078018083677556e+00
-1.354017216675813318e+00	-2.609013913428797959e+00	-5.997364225061135867e-01
-4.172188185592746318e-02	-1.952006346508880497e-01	-2.993351966743351689e+00
-1.115220820138666413e+00	1.396003833591787924e+00	-2.409866348768386235e+00
-1.082515080962245912e+00	2.067037723198091204e+00	1.885607634256223797e+00
-2.658389829066250432e+00	1.182249456136770238e+00	-7.316076408714051738e-01
2.360835458298155665e+00	-1.797062713886613983e+00	-4.438710862408308255e-01
-1.838549074542530581e+00	1.612040170169005915e+00	-1.738120764003550534e+00
-7.271616166382022239e-02	-1.481049653954221411e-02	2.999082027725339383e+00
-4.872045742123524148e-01	2.721673466772709382e+00	-1.164098467970807960e+00
-2.394716516705730935e+00	1.335707517637343411e+00	-1.217053093313458234e+00
9.899030586516732733e-01	1.411799681527273087e+00	2.454977310223365627e+00
6.306933142591165664e-01	1.381458797331272859e+00	-2.587237432982308238e+00
-1.951729629055294901e-01	2.937972571304998670e+00	5.746517944026378055e-01
5.847964515070716018e-01	-1.743431903597662203e+00	-2.370328734125831893e+00
-1.836995030917706107e+00	4.682762892058801030e-01	-2.325116464470377231e+00
-1.772342149527640132e+00	-1.863306195334627269e+00	1.544957386931866683e+00
-3.204037340674614071e-02	6.486674035348449774e-02	2.999127493199959194e+00
-4.645713943574282176e-03	9.115304242312197505e-03	2.999982554711031035e+00
-4.499336594210236462e-01	1.616485058065486813e+00	2.486872686562588530e+00
-1.912344306775995983e+00	-1.402647844090687768e+00	-1.837258359025529586e+00
-2.764476974990345948e+00	3.117965022590976076e-01	1.122697642256017536e+00
-2.329478399402240552e+00	-7.384403263058212374e-01	1.740182826947711314e+00
1.303971295754415616e+00	1.880707028876662523e+00	1.939742233231639634e+00
-1.225989766051345650e-03	9.491470267096537711e-03	-2.999984734784705953e+00
-2.817821452150012451e+00	7.034837610146805753e-01	7.516600706382063901e-01
2.680287766140974082e+00	-3.560797065883302692e-01	-1.299717174323319790e+00
1.096360970483697683e-01	-5.439959170061449412e-02	-2.997502395436375089e+00
-2.425094205046927520e+00	-1.744102745582416514e+00	2.775314567750610251e-01
-4.406318752953496953e-01	-1.382411712214830946e+00	-2.625791577487627482e+00
-9.910580149731641475e-01	1.205397266607607598e+00	-2.562190750239404124e+00
-5.386512794670357263e-01	8.868575259487916640e-02	2.949913496429209747e+00
-1.827047001082859445e+00	5.274787594394906298e-01	-2.320272702544747379e+00
-9.920235361511646754e-01	2.234170784960149092e+00	1.739071651011736996e+00
1.076707527483754534e+00	-1.785429561858471237e+00	-2.157067959036452987e+00
-2.670727255973774916e+00	-1.095388756619333354e-01	1.362063566401182868e+00
1.766338025782145271e+00	-1.501984496442585915e+00	1.903704953799865152e+00
1.700122803661112680e+00	-2.174060368090708462e+00	-1.176028897760922343e+00
8.229730146458312801e-01	-6.412750704377973010e-02	-2.884198862770232630e+00
-1.815644789838438911e+00	-2.233530794497667227e+00	-8.454431897905094750e-01
1.191611758442182145e+00	-6.965391235074527287e-01	2.663624347869984810e+00
2.050570277950817033e+00	2.085024080108258904e+00	6.692055891528555511e-01
-2.572308409732337875e+00	-1.474281739365821374e-02	1.543700778828458020e+00
8.473013349470372990e-01	-2.379400982586596935e-01	-2.868007140409107869e+00
-2.068756680373528223e+00	6.520974593579708101e-01	-2.072441724369777916e+00
-1.932457378812822091e+00	8.144155688441199192e-01	-2.145305516772887167e+00
-2.032504952840357426e-01	2.657553355494715941e+00	-1.376989251543224713e+00
-2.181686830316694081e+00	-1.910146075967990464e+00	7.691453327471896584e-01
-1.621899164969134111e+00	-6.878595467328071367e-01	-2.428228231167935736e+00
-2.042301728469127386e+00	7.530726578438426966e-01	-2.064433390037088145e+00
-6.731699164018207782e-01	-1.890951907560542988e+00	-2.229606051961805502e+00
2.332260036384378399e+00	-3.382660207693801158e-01	1.856377984645688262e+00
2.639768953619393843e-02	-1.047102051912242704e+00	2.811206227737182761e+00
2.263046857922697885e+00	-6.972762900139837239e-01	-1.841853602822585589e+00
1.870725847085494387e+00	1.342008153431758721e+00	1.923382156818800315e+00
1.050207180757312120e+00	-2.622498820466006908e+00	-1.009735021745894024e+00
-2.822120976550723803e+00	-5.021099436625620083e-01	-8.851659721134603753e-01
9.682125893749454759e-01	-1.758188614315538967e+00	-2.229649564004861251e+00
3.907660212967196955e-02	9.318943860887214659e-02	-2.998297641612280628e+00
-3.736643581740788922e-01	8.407629292326926906e-01	2.855432129163362642e+00
5.984986837542626004e-02	6.044351045644191789e-01	-2.937869329569585020e+00
-1.729505196166254422e-01	1.181555884139281476e+00	-2.752092623880995070e+00
1.588170680379362487e+00	1.809766646226015130e+00	-1.789541442993482168e+00
-2.762667235193914994e+00	-2.840803436657771686e-01	-1.134446167047490128e+00
-1.496229716228708595e-01	-2.277372635281941893e+00	1.947097030564148401e+00
-5.848173018647416788e-01	-2.806822427685355947e-01	2.929028200962576545e+00
7.620996083546124344e-01	-7.382531443498439039e-01	2.806098088414465064e+00
1.364220072083500435e-01	-3.818862514552729404e-01	2.972465630902850986e+00
3.043128390043174925e-01	-1.868646753235187585e+00	-2.327134075991481144e+00
1.493442516810070231e+00	-6.232527202800794419e-02	2.601104574877880271e+00
-2.037468127384991501e+00	1.183836953765946998e+00	-1.856678134946511793e+00
1.131237734379070492e+00	-9.615691778718943317e-01	2.606853640786854331e+00
-2.949104413913307354e+00	1.107021672433642079e-01	5.390066660113471686e-01
-1.492653317687439585e-01	-8.733471322594311692e-01	2.866179451343930484e+00
-2.101162193214710872e+00	7.845252003015379394e-01	-1.992394952788472118e+00
-1.110040910012454418e+00	-1.821057043740835768e+00	-2.109872133931487426e+00
6.414254614824144163e-01	-1.616466328731642532e+00	2.444506082103073297e+00
-2.686476219285272471e+00	1.268256551723267123e+00	-4.175773487938693740e-01
-7.145749397641285583e-01	-2.201942189022965124e+00	-1.908096761608761849e+00
1.787992777521400622e+00	4.849427526831920909e-01	-2.359642420823832687e+00
1.007122021404617263e+00	1.814886979464283900e+00	2.166077211406113534e+00
1.570217084039252420e+00	-1.155769603845985039e+00	2.280047133683197114e+00
1.528248210230666038e+00	-2.349892908899473110e+00	1.068859543920873900e+00
2.245345807432596708e+00	-8.060844118727344965e-01	-1.818969523103850516e+00
-2.697297933575157347e-01	-2.549296273315495576e+00	-1.558311377560671174e+00
