   Time       DeltaX DeltaY DeltaZ Type Energy Location  FinalX FinalY FinalZ Causa Mortis
1.952204e+105    -30.00  60.00   0.00 electron  1.9000         0  150.00  170.00   0.00 anni
1.952204e+105     40.00  10.00   0.00 hole  1.9000         0  150.00  170.00   0.00 anni
1.952204e+105      0.00   0.00   0.00 triplet  1.2000         0  150.00  170.00   0.00 phosph
4.506501e+106     110.00 -10.00   0.00 electron  1.9000         0  110.00  30.00   0.00 anni
4.506501e+106     80.00 -20.00   0.00 hole  1.9000         0  110.00  30.00   0.00 anni
4.506501e+106    -10.00 -10.00   0.00 triplet  1.2000         0  100.00  20.00   0.00 phosph
Fim
2.097393e+105    -50.00  30.00   0.00 electron  1.9000         0  100.00  40.00   0.00 anni
2.097393e+105    -30.00 -30.00   0.00 hole  1.9000         0  100.00  40.00   0.00 anni
2.097393e+105    -10.00   0.00   0.00 triplet  1.2000         0  90.00  40.00   0.00 phosph
5.813380e+105     10.00  60.00   0.00 electron  1.9000         0  160.00  60.00   0.00 anni
5.813380e+105     20.00 -10.00   0.00 hole  1.9000         0  160.00  60.00   0.00 anni
5.813380e+105      0.00   0.00   0.00 triplet  1.2000         0  160.00  60.00   0.00 phosph
Fim
